# Created by Octave 8.4.0, Tue Mar 11 22:20:13 2025 GMT <unknown@Kevin>
# name: X
# type: matrix
# rows: 41
# columns: 41
 0 0.037499999999999999 0.074999999999999997 0.11249999999999999 0.14999999999999999 0.1875 0.22499999999999998 0.26250000000000001 0.29999999999999999 0.33749999999999997 0.375 0.41249999999999998 0.44999999999999996 0.48749999999999999 0.52500000000000002 0.5625 0.59999999999999998 0.63749999999999996 0.67499999999999993 0.71250000000000002 0.75 0.78749999999999998 0.82500000000000007 0.86250000000000004 0.90000000000000002 0.9375 0.97499999999999998 1.0125 1.05 1.0874999999999999 1.125 1.1625000000000001 1.2 1.2375 1.2749999999999999 1.3125 1.3500000000000001 1.3875 1.425 1.4624999999999999 1.5
 0 0.037499999999999999 0.074999999999999997 0.11249999999999999 0.14999999999999999 0.1875 0.22499999999999998 0.26250000000000001 0.29999999999999999 0.33749999999999997 0.375 0.41249999999999998 0.44999999999999996 0.48749999999999999 0.52500000000000002 0.5625 0.59999999999999998 0.63749999999999996 0.67499999999999993 0.71250000000000002 0.75 0.78749999999999998 0.82500000000000007 0.86250000000000004 0.90000000000000002 0.9375 0.97499999999999998 1.0125 1.05 1.0874999999999999 1.125 1.1625000000000001 1.2 1.2375 1.2749999999999999 1.3125 1.3500000000000001 1.3875 1.425 1.4624999999999999 1.5
 0 0.037499999999999999 0.074999999999999997 0.11249999999999999 0.14999999999999999 0.1875 0.22499999999999998 0.26250000000000001 0.29999999999999999 0.33749999999999997 0.375 0.41249999999999998 0.44999999999999996 0.48749999999999999 0.52500000000000002 0.5625 0.59999999999999998 0.63749999999999996 0.67499999999999993 0.71250000000000002 0.75 0.78749999999999998 0.82500000000000007 0.86250000000000004 0.90000000000000002 0.9375 0.97499999999999998 1.0125 1.05 1.0874999999999999 1.125 1.1625000000000001 1.2 1.2375 1.2749999999999999 1.3125 1.3500000000000001 1.3875 1.425 1.4624999999999999 1.5
 0 0.037499999999999999 0.074999999999999997 0.11249999999999999 0.14999999999999999 0.1875 0.22499999999999998 0.26250000000000001 0.29999999999999999 0.33749999999999997 0.375 0.41249999999999998 0.44999999999999996 0.48749999999999999 0.52500000000000002 0.5625 0.59999999999999998 0.63749999999999996 0.67499999999999993 0.71250000000000002 0.75 0.78749999999999998 0.82500000000000007 0.86250000000000004 0.90000000000000002 0.9375 0.97499999999999998 1.0125 1.05 1.0874999999999999 1.125 1.1625000000000001 1.2 1.2375 1.2749999999999999 1.3125 1.3500000000000001 1.3875 1.425 1.4624999999999999 1.5
 0 0.037499999999999999 0.074999999999999997 0.11249999999999999 0.14999999999999999 0.1875 0.22499999999999998 0.26250000000000001 0.29999999999999999 0.33749999999999997 0.375 0.41249999999999998 0.44999999999999996 0.48749999999999999 0.52500000000000002 0.5625 0.59999999999999998 0.63749999999999996 0.67499999999999993 0.71250000000000002 0.75 0.78749999999999998 0.82500000000000007 0.86250000000000004 0.90000000000000002 0.9375 0.97499999999999998 1.0125 1.05 1.0874999999999999 1.125 1.1625000000000001 1.2 1.2375 1.2749999999999999 1.3125 1.3500000000000001 1.3875 1.425 1.4624999999999999 1.5
 0 0.037499999999999999 0.074999999999999997 0.11249999999999999 0.14999999999999999 0.1875 0.22499999999999998 0.26250000000000001 0.29999999999999999 0.33749999999999997 0.375 0.41249999999999998 0.44999999999999996 0.48749999999999999 0.52500000000000002 0.5625 0.59999999999999998 0.63749999999999996 0.67499999999999993 0.71250000000000002 0.75 0.78749999999999998 0.82500000000000007 0.86250000000000004 0.90000000000000002 0.9375 0.97499999999999998 1.0125 1.05 1.0874999999999999 1.125 1.1625000000000001 1.2 1.2375 1.2749999999999999 1.3125 1.3500000000000001 1.3875 1.425 1.4624999999999999 1.5
 0 0.037499999999999999 0.074999999999999997 0.11249999999999999 0.14999999999999999 0.1875 0.22499999999999998 0.26250000000000001 0.29999999999999999 0.33749999999999997 0.375 0.41249999999999998 0.44999999999999996 0.48749999999999999 0.52500000000000002 0.5625 0.59999999999999998 0.63749999999999996 0.67499999999999993 0.71250000000000002 0.75 0.78749999999999998 0.82500000000000007 0.86250000000000004 0.90000000000000002 0.9375 0.97499999999999998 1.0125 1.05 1.0874999999999999 1.125 1.1625000000000001 1.2 1.2375 1.2749999999999999 1.3125 1.3500000000000001 1.3875 1.425 1.4624999999999999 1.5
 0 0.037499999999999999 0.074999999999999997 0.11249999999999999 0.14999999999999999 0.1875 0.22499999999999998 0.26250000000000001 0.29999999999999999 0.33749999999999997 0.375 0.41249999999999998 0.44999999999999996 0.48749999999999999 0.52500000000000002 0.5625 0.59999999999999998 0.63749999999999996 0.67499999999999993 0.71250000000000002 0.75 0.78749999999999998 0.82500000000000007 0.86250000000000004 0.90000000000000002 0.9375 0.97499999999999998 1.0125 1.05 1.0874999999999999 1.125 1.1625000000000001 1.2 1.2375 1.2749999999999999 1.3125 1.3500000000000001 1.3875 1.425 1.4624999999999999 1.5
 0 0.037499999999999999 0.074999999999999997 0.11249999999999999 0.14999999999999999 0.1875 0.22499999999999998 0.26250000000000001 0.29999999999999999 0.33749999999999997 0.375 0.41249999999999998 0.44999999999999996 0.48749999999999999 0.52500000000000002 0.5625 0.59999999999999998 0.63749999999999996 0.67499999999999993 0.71250000000000002 0.75 0.78749999999999998 0.82500000000000007 0.86250000000000004 0.90000000000000002 0.9375 0.97499999999999998 1.0125 1.05 1.0874999999999999 1.125 1.1625000000000001 1.2 1.2375 1.2749999999999999 1.3125 1.3500000000000001 1.3875 1.425 1.4624999999999999 1.5
 0 0.037499999999999999 0.074999999999999997 0.11249999999999999 0.14999999999999999 0.1875 0.22499999999999998 0.26250000000000001 0.29999999999999999 0.33749999999999997 0.375 0.41249999999999998 0.44999999999999996 0.48749999999999999 0.52500000000000002 0.5625 0.59999999999999998 0.63749999999999996 0.67499999999999993 0.71250000000000002 0.75 0.78749999999999998 0.82500000000000007 0.86250000000000004 0.90000000000000002 0.9375 0.97499999999999998 1.0125 1.05 1.0874999999999999 1.125 1.1625000000000001 1.2 1.2375 1.2749999999999999 1.3125 1.3500000000000001 1.3875 1.425 1.4624999999999999 1.5
 0 0.037499999999999999 0.074999999999999997 0.11249999999999999 0.14999999999999999 0.1875 0.22499999999999998 0.26250000000000001 0.29999999999999999 0.33749999999999997 0.375 0.41249999999999998 0.44999999999999996 0.48749999999999999 0.52500000000000002 0.5625 0.59999999999999998 0.63749999999999996 0.67499999999999993 0.71250000000000002 0.75 0.78749999999999998 0.82500000000000007 0.86250000000000004 0.90000000000000002 0.9375 0.97499999999999998 1.0125 1.05 1.0874999999999999 1.125 1.1625000000000001 1.2 1.2375 1.2749999999999999 1.3125 1.3500000000000001 1.3875 1.425 1.4624999999999999 1.5
 0 0.037499999999999999 0.074999999999999997 0.11249999999999999 0.14999999999999999 0.1875 0.22499999999999998 0.26250000000000001 0.29999999999999999 0.33749999999999997 0.375 0.41249999999999998 0.44999999999999996 0.48749999999999999 0.52500000000000002 0.5625 0.59999999999999998 0.63749999999999996 0.67499999999999993 0.71250000000000002 0.75 0.78749999999999998 0.82500000000000007 0.86250000000000004 0.90000000000000002 0.9375 0.97499999999999998 1.0125 1.05 1.0874999999999999 1.125 1.1625000000000001 1.2 1.2375 1.2749999999999999 1.3125 1.3500000000000001 1.3875 1.425 1.4624999999999999 1.5
 0 0.037499999999999999 0.074999999999999997 0.11249999999999999 0.14999999999999999 0.1875 0.22499999999999998 0.26250000000000001 0.29999999999999999 0.33749999999999997 0.375 0.41249999999999998 0.44999999999999996 0.48749999999999999 0.52500000000000002 0.5625 0.59999999999999998 0.63749999999999996 0.67499999999999993 0.71250000000000002 0.75 0.78749999999999998 0.82500000000000007 0.86250000000000004 0.90000000000000002 0.9375 0.97499999999999998 1.0125 1.05 1.0874999999999999 1.125 1.1625000000000001 1.2 1.2375 1.2749999999999999 1.3125 1.3500000000000001 1.3875 1.425 1.4624999999999999 1.5
